UB=8.681837265230572
LB=8.681837264015806
X=[9]
