S2_UB=1.7666605759257905
S2_LB=0.0
S2_X=[3, 31, 33]
S2_ITERS=50
S10_UB=0.8718422496809339
S10_LB=0.0
S10_X=[3, 7, 20, 29]
S10_ITERS=50
